function J = jacob_quasi_3_3(k1_1,k1_2,k1_3,k2_1,k2_2,k2_3,k3_1,k3_2,k3_3,m1_1_2,m1_1_3,m1_2_1,m1_2_3,m1_3_1,m1_3_2,m2_1_2,m2_1_3,m2_2_1,m2_2_3,m2_3_1,m2_3_2,m3_1_2,m3_1_3,m3_2_1,m3_2_3,m3_3_1,m3_3_2,x1_1,x1_2,x1_3,x2_1,x2_2,x2_3,x3_1,x3_2,x3_3)
%JACOB_QUASI_3_3
%    J = JACOB_QUASI_3_3(K1_1,K1_2,K1_3,K2_1,K2_2,K2_3,K3_1,K3_2,K3_3,M1_1_2,M1_1_3,M1_2_1,M1_2_3,M1_3_1,M1_3_2,M2_1_2,M2_1_3,M2_2_1,M2_2_3,M2_3_1,M2_3_2,M3_1_2,M3_1_3,M3_2_1,M3_2_3,M3_3_1,M3_3_2,X1_1,X1_2,X1_3,X2_1,X2_2,X2_3,X3_1,X3_2,X3_3)

%    This function was generated by the Symbolic Math Toolbox version 7.0.
%    29-Jun-2017 14:45:38

t2 = 1.0./k1_1;
t3 = 1.0./k1_2;
t4 = 1.0./k1_3;
t5 = 1.0./k2_1;
t6 = 1.0./k2_2;
t7 = 1.0./k2_3;
t8 = 1.0./k3_1;
t9 = 1.0./k3_2;
t10 = 1.0./k3_3;
J = reshape([-m1_1_2-m1_1_3-t2.*x1_1.*2.0-t2.*x2_1-t2.*x3_1+1.0,m1_1_2,m1_1_3,-t5.*x2_1,0.0,0.0,-t8.*x3_1,0.0,0.0,m1_2_1,-m1_2_1-m1_2_3-t3.*x1_2.*2.0-t3.*x2_2-t3.*x3_2+1.0,m1_2_3,0.0,-t6.*x2_2,0.0,0.0,-t9.*x3_2,0.0,m1_3_1,m1_3_2,-m1_3_1-m1_3_2-t4.*x1_3.*2.0-t4.*x2_3-t4.*x3_3+1.0,0.0,0.0,-t7.*x2_3,0.0,0.0,-t10.*x3_3,-t2.*x1_1,0.0,0.0,-m2_1_2-m2_1_3-t5.*x1_1-t5.*x2_1.*2.0-t5.*x3_1+1.0,m2_1_2,m2_1_3,-t8.*x3_1,0.0,0.0,0.0,-t3.*x1_2,0.0,m2_2_1,-m2_2_1-m2_2_3-t6.*x1_2-t6.*x2_2.*2.0-t6.*x3_2+1.0,m2_2_3,0.0,-t9.*x3_2,0.0,0.0,0.0,-t4.*x1_3,m2_3_1,m2_3_2,-m2_3_1-m2_3_2-t7.*x1_3-t7.*x2_3.*2.0-t7.*x3_3+1.0,0.0,0.0,-t10.*x3_3,-t2.*x1_1,0.0,0.0,-t5.*x2_1,0.0,0.0,-m3_1_2-m3_1_3-t8.*x1_1-t8.*x2_1-t8.*x3_1.*2.0+1.0,m3_1_2,m3_1_3,0.0,-t3.*x1_2,0.0,0.0,-t6.*x2_2,0.0,m3_2_1,-m3_2_1-m3_2_3-t9.*x1_2-t9.*x2_2-t9.*x3_2.*2.0+1.0,m3_2_3,0.0,0.0,-t4.*x1_3,0.0,0.0,-t7.*x2_3,m3_3_1,m3_3_2,-m3_3_1-m3_3_2-t10.*x1_3-t10.*x2_3-t10.*x3_3.*2.0+1.0],[9,9]);
