function J = jacob_quasi_2_2(a1_1_1,a1_1_2,a1_2_1,a1_2_2,a2_1_1,a2_1_2,a2_2_1,a2_2_2,k1_1,k1_2,k2_1,k2_2,m1_1_2,m1_2_1,m2_1_2,m2_2_1,q1_2,q2_1,r1_1,r1_2,r2_1,r2_2,s1_1,s1_2,s2_1,s2_2,x1_1,x1_2,x2_1,x2_2)
%JACOB_QUASI_2_2
%    J = JACOB_QUASI_2_2(A1_1_1,A1_1_2,A1_2_1,A1_2_2,A2_1_1,A2_1_2,A2_2_1,A2_2_2,K1_1,K1_2,K2_1,K2_2,M1_1_2,M1_2_1,M2_1_2,M2_2_1,Q1_2,Q2_1,R1_1,R1_2,R2_1,R2_2,S1_1,S1_2,S2_1,S2_2,X1_1,X1_2,X2_1,X2_2)

%    This function was generated by the Symbolic Math Toolbox version 7.0.
%    29-Jun-2017 14:19:45

t2 = 1.0./k1_1;
t3 = 1.0./k1_2;
t4 = 1.0./k2_1;
t5 = 1.0./k2_2;
J = reshape([-m1_1_2-q1_2+r1_1-s1_1.*(t2.*x1_1+t2.*x2_1)+a1_1_1.*t2.*x1_1.*2.0+a1_2_1.*t2.*x2_1-s1_1.*t2.*x1_1,m1_1_2,q1_2+a2_1_1.*t4.*x2_1-s2_1.*t4.*x2_1,0.0,m1_2_1,-m1_2_1-q1_2+r1_2-s1_2.*(t3.*x1_2+t3.*x2_2)+a1_1_2.*t3.*x1_2.*2.0+a1_2_2.*t3.*x2_2-s1_2.*t3.*x1_2,0.0,q1_2+a2_1_2.*t5.*x2_2-s2_2.*t5.*x2_2,q2_1+a1_2_1.*t2.*x1_1-s1_1.*t2.*x1_1,0.0,-m2_1_2-q2_1+r2_1-s2_1.*(t4.*x1_1+t4.*x2_1)+a2_1_1.*t4.*x1_1+a2_2_1.*t4.*x2_1.*2.0-s2_1.*t4.*x2_1,m2_1_2,0.0,q2_1+a1_2_2.*t3.*x1_2-s1_2.*t3.*x1_2,m2_2_1,-m2_2_1-q2_1+r2_2-s2_2.*(t5.*x1_2+t5.*x2_2)+a2_1_2.*t5.*x1_2+a2_2_2.*t5.*x2_2.*2.0-s2_2.*t5.*x2_2],[4,4]);
